{
 "cells": [
  {
   "cell_type": "code",
   "id": "025c5e4f",
   "metadata": {
    "ExecuteTime": {
     "end_time": "2025-03-14T17:19:54.475299Z",
     "start_time": "2025-03-14T17:19:54.462837Z"
    }
   },
   "source": [
    "import numpy as np\n",
    "import pandas as pd\n",
    "from sklearn.linear_model import LinearRegression\n",
    "from sklearn.model_selection import train_test_split\n",
    "from sklearn.preprocessing import StandardScaler, PolynomialFeatures\n",
    "from sklearn.metrics import mean_absolute_error\n",
    "import matplotlib.pyplot as plt"
   ],
   "outputs": [],
   "execution_count": 9
  },
  {
   "cell_type": "code",
   "id": "b27ea4d2",
   "metadata": {
    "ExecuteTime": {
     "end_time": "2025-03-14T17:19:54.560799Z",
     "start_time": "2025-03-14T17:19:54.526533Z"
    }
   },
   "source": [
    "#путь к данным нужно заменить\n",
    "data = pd.read_csv('housing.csv', sep=',')\n",
    "data"
   ],
   "outputs": [
    {
     "data": {
      "text/plain": [
       "        CRIM    ZN  INDUS  CHAS    NOX     RM   AGE     DIS  RAD    TAX  \\\n",
       "0    0.00632  18.0   2.31     0  0.538  6.575  65.2  4.0900    1  296.0   \n",
       "1    0.02731   0.0   7.07     0  0.469  6.421  78.9  4.9671    2  242.0   \n",
       "2    0.02729   0.0   7.07     0  0.469  7.185  61.1  4.9671    2  242.0   \n",
       "3    0.03237   0.0   2.18     0  0.458  6.998  45.8  6.0622    3  222.0   \n",
       "4    0.06905   0.0   2.18     0  0.458  7.147  54.2  6.0622    3  222.0   \n",
       "..       ...   ...    ...   ...    ...    ...   ...     ...  ...    ...   \n",
       "501  0.06263   0.0  11.93     0  0.573  6.593  69.1  2.4786    1  273.0   \n",
       "502  0.04527   0.0  11.93     0  0.573  6.120  76.7  2.2875    1  273.0   \n",
       "503  0.06076   0.0  11.93     0  0.573  6.976  91.0  2.1675    1  273.0   \n",
       "504  0.10959   0.0  11.93     0  0.573  6.794  89.3  2.3889    1  273.0   \n",
       "505  0.04741   0.0  11.93     0  0.573  6.030  80.8  2.5050    1  273.0   \n",
       "\n",
       "     PTRATIO       B  LSTAT  MEDV  \n",
       "0       15.3  396.90   4.98  24.0  \n",
       "1       17.8  396.90   9.14  21.6  \n",
       "2       17.8  392.83   4.03  34.7  \n",
       "3       18.7  394.63   2.94  33.4  \n",
       "4       18.7  396.90   5.33  36.2  \n",
       "..       ...     ...    ...   ...  \n",
       "501     21.0  391.99   9.67  22.4  \n",
       "502     21.0  396.90   9.08  20.6  \n",
       "503     21.0  396.90   5.64  23.9  \n",
       "504     21.0  393.45   6.48  22.0  \n",
       "505     21.0  396.90   7.88  11.9  \n",
       "\n",
       "[506 rows x 14 columns]"
      ],
      "text/html": [
       "<div>\n",
       "<style scoped>\n",
       "    .dataframe tbody tr th:only-of-type {\n",
       "        vertical-align: middle;\n",
       "    }\n",
       "\n",
       "    .dataframe tbody tr th {\n",
       "        vertical-align: top;\n",
       "    }\n",
       "\n",
       "    .dataframe thead th {\n",
       "        text-align: right;\n",
       "    }\n",
       "</style>\n",
       "<table border=\"1\" class=\"dataframe\">\n",
       "  <thead>\n",
       "    <tr style=\"text-align: right;\">\n",
       "      <th></th>\n",
       "      <th>CRIM</th>\n",
       "      <th>ZN</th>\n",
       "      <th>INDUS</th>\n",
       "      <th>CHAS</th>\n",
       "      <th>NOX</th>\n",
       "      <th>RM</th>\n",
       "      <th>AGE</th>\n",
       "      <th>DIS</th>\n",
       "      <th>RAD</th>\n",
       "      <th>TAX</th>\n",
       "      <th>PTRATIO</th>\n",
       "      <th>B</th>\n",
       "      <th>LSTAT</th>\n",
       "      <th>MEDV</th>\n",
       "    </tr>\n",
       "  </thead>\n",
       "  <tbody>\n",
       "    <tr>\n",
       "      <th>0</th>\n",
       "      <td>0.00632</td>\n",
       "      <td>18.0</td>\n",
       "      <td>2.31</td>\n",
       "      <td>0</td>\n",
       "      <td>0.538</td>\n",
       "      <td>6.575</td>\n",
       "      <td>65.2</td>\n",
       "      <td>4.0900</td>\n",
       "      <td>1</td>\n",
       "      <td>296.0</td>\n",
       "      <td>15.3</td>\n",
       "      <td>396.90</td>\n",
       "      <td>4.98</td>\n",
       "      <td>24.0</td>\n",
       "    </tr>\n",
       "    <tr>\n",
       "      <th>1</th>\n",
       "      <td>0.02731</td>\n",
       "      <td>0.0</td>\n",
       "      <td>7.07</td>\n",
       "      <td>0</td>\n",
       "      <td>0.469</td>\n",
       "      <td>6.421</td>\n",
       "      <td>78.9</td>\n",
       "      <td>4.9671</td>\n",
       "      <td>2</td>\n",
       "      <td>242.0</td>\n",
       "      <td>17.8</td>\n",
       "      <td>396.90</td>\n",
       "      <td>9.14</td>\n",
       "      <td>21.6</td>\n",
       "    </tr>\n",
       "    <tr>\n",
       "      <th>2</th>\n",
       "      <td>0.02729</td>\n",
       "      <td>0.0</td>\n",
       "      <td>7.07</td>\n",
       "      <td>0</td>\n",
       "      <td>0.469</td>\n",
       "      <td>7.185</td>\n",
       "      <td>61.1</td>\n",
       "      <td>4.9671</td>\n",
       "      <td>2</td>\n",
       "      <td>242.0</td>\n",
       "      <td>17.8</td>\n",
       "      <td>392.83</td>\n",
       "      <td>4.03</td>\n",
       "      <td>34.7</td>\n",
       "    </tr>\n",
       "    <tr>\n",
       "      <th>3</th>\n",
       "      <td>0.03237</td>\n",
       "      <td>0.0</td>\n",
       "      <td>2.18</td>\n",
       "      <td>0</td>\n",
       "      <td>0.458</td>\n",
       "      <td>6.998</td>\n",
       "      <td>45.8</td>\n",
       "      <td>6.0622</td>\n",
       "      <td>3</td>\n",
       "      <td>222.0</td>\n",
       "      <td>18.7</td>\n",
       "      <td>394.63</td>\n",
       "      <td>2.94</td>\n",
       "      <td>33.4</td>\n",
       "    </tr>\n",
       "    <tr>\n",
       "      <th>4</th>\n",
       "      <td>0.06905</td>\n",
       "      <td>0.0</td>\n",
       "      <td>2.18</td>\n",
       "      <td>0</td>\n",
       "      <td>0.458</td>\n",
       "      <td>7.147</td>\n",
       "      <td>54.2</td>\n",
       "      <td>6.0622</td>\n",
       "      <td>3</td>\n",
       "      <td>222.0</td>\n",
       "      <td>18.7</td>\n",
       "      <td>396.90</td>\n",
       "      <td>5.33</td>\n",
       "      <td>36.2</td>\n",
       "    </tr>\n",
       "    <tr>\n",
       "      <th>...</th>\n",
       "      <td>...</td>\n",
       "      <td>...</td>\n",
       "      <td>...</td>\n",
       "      <td>...</td>\n",
       "      <td>...</td>\n",
       "      <td>...</td>\n",
       "      <td>...</td>\n",
       "      <td>...</td>\n",
       "      <td>...</td>\n",
       "      <td>...</td>\n",
       "      <td>...</td>\n",
       "      <td>...</td>\n",
       "      <td>...</td>\n",
       "      <td>...</td>\n",
       "    </tr>\n",
       "    <tr>\n",
       "      <th>501</th>\n",
       "      <td>0.06263</td>\n",
       "      <td>0.0</td>\n",
       "      <td>11.93</td>\n",
       "      <td>0</td>\n",
       "      <td>0.573</td>\n",
       "      <td>6.593</td>\n",
       "      <td>69.1</td>\n",
       "      <td>2.4786</td>\n",
       "      <td>1</td>\n",
       "      <td>273.0</td>\n",
       "      <td>21.0</td>\n",
       "      <td>391.99</td>\n",
       "      <td>9.67</td>\n",
       "      <td>22.4</td>\n",
       "    </tr>\n",
       "    <tr>\n",
       "      <th>502</th>\n",
       "      <td>0.04527</td>\n",
       "      <td>0.0</td>\n",
       "      <td>11.93</td>\n",
       "      <td>0</td>\n",
       "      <td>0.573</td>\n",
       "      <td>6.120</td>\n",
       "      <td>76.7</td>\n",
       "      <td>2.2875</td>\n",
       "      <td>1</td>\n",
       "      <td>273.0</td>\n",
       "      <td>21.0</td>\n",
       "      <td>396.90</td>\n",
       "      <td>9.08</td>\n",
       "      <td>20.6</td>\n",
       "    </tr>\n",
       "    <tr>\n",
       "      <th>503</th>\n",
       "      <td>0.06076</td>\n",
       "      <td>0.0</td>\n",
       "      <td>11.93</td>\n",
       "      <td>0</td>\n",
       "      <td>0.573</td>\n",
       "      <td>6.976</td>\n",
       "      <td>91.0</td>\n",
       "      <td>2.1675</td>\n",
       "      <td>1</td>\n",
       "      <td>273.0</td>\n",
       "      <td>21.0</td>\n",
       "      <td>396.90</td>\n",
       "      <td>5.64</td>\n",
       "      <td>23.9</td>\n",
       "    </tr>\n",
       "    <tr>\n",
       "      <th>504</th>\n",
       "      <td>0.10959</td>\n",
       "      <td>0.0</td>\n",
       "      <td>11.93</td>\n",
       "      <td>0</td>\n",
       "      <td>0.573</td>\n",
       "      <td>6.794</td>\n",
       "      <td>89.3</td>\n",
       "      <td>2.3889</td>\n",
       "      <td>1</td>\n",
       "      <td>273.0</td>\n",
       "      <td>21.0</td>\n",
       "      <td>393.45</td>\n",
       "      <td>6.48</td>\n",
       "      <td>22.0</td>\n",
       "    </tr>\n",
       "    <tr>\n",
       "      <th>505</th>\n",
       "      <td>0.04741</td>\n",
       "      <td>0.0</td>\n",
       "      <td>11.93</td>\n",
       "      <td>0</td>\n",
       "      <td>0.573</td>\n",
       "      <td>6.030</td>\n",
       "      <td>80.8</td>\n",
       "      <td>2.5050</td>\n",
       "      <td>1</td>\n",
       "      <td>273.0</td>\n",
       "      <td>21.0</td>\n",
       "      <td>396.90</td>\n",
       "      <td>7.88</td>\n",
       "      <td>11.9</td>\n",
       "    </tr>\n",
       "  </tbody>\n",
       "</table>\n",
       "<p>506 rows × 14 columns</p>\n",
       "</div>"
      ]
     },
     "execution_count": 10,
     "metadata": {},
     "output_type": "execute_result"
    }
   ],
   "execution_count": 10
  },
  {
   "cell_type": "code",
   "id": "ab999728",
   "metadata": {
    "ExecuteTime": {
     "end_time": "2025-03-14T17:19:54.673845Z",
     "start_time": "2025-03-14T17:19:54.648922Z"
    }
   },
   "source": [
    "#цель y столбец 14, \"иксы\" с 1 по 13\n",
    "k = 13\n",
    "X, y = data.drop([data.columns[k]], axis=1), data[data.columns[k]]\n",
    "#конструктор признаков\n",
    "poly = PolynomialFeatures(1, include_bias=False, interaction_only=True)\n",
    "#делим на трейн и тест\n",
    "X_train, X_test, y_train, y_test = train_test_split(X, y, test_size=0.28, random_state=48)\n",
    "X_train, X_test = poly.fit_transform(X_train), poly.fit_transform(X_test)\n",
    "X_train.shape, X_test.shape"
   ],
   "outputs": [
    {
     "data": {
      "text/plain": [
       "((364, 13), (142, 13))"
      ]
     },
     "execution_count": 11,
     "metadata": {},
     "output_type": "execute_result"
    }
   ],
   "execution_count": 11
  },
  {
   "cell_type": "code",
   "id": "11f24b01",
   "metadata": {
    "ExecuteTime": {
     "end_time": "2025-03-14T17:19:54.790579Z",
     "start_time": "2025-03-14T17:19:54.767661Z"
    }
   },
   "source": [
    "#скейлер сейчас \"молчит\"\n",
    "scale = StandardScaler(with_mean=False, with_std=False)\n",
    "#обучаем линейную модель (библиотечное решение)\n",
    "model = LinearRegression(fit_intercept=False)\n",
    "model = model.fit(X_train, y_train)\n",
    "#средняя абсолютная ошибка при тестировании, коэффициент детерминации, число ненулевых\n",
    "mean_absolute_error(model.predict(X_train), y_train), mean_absolute_error(model.predict(X_test), y_test)"
   ],
   "outputs": [
    {
     "data": {
      "text/plain": [
       "(3.1301374617990136, 3.5358130915606254)"
      ]
     },
     "execution_count": 12,
     "metadata": {},
     "output_type": "execute_result"
    }
   ],
   "execution_count": 12
  },
  {
   "cell_type": "code",
   "id": "cc9094e0",
   "metadata": {
    "ExecuteTime": {
     "end_time": "2025-03-14T17:19:55.045102Z",
     "start_time": "2025-03-14T17:19:55.031444Z"
    }
   },
   "source": [
    "#теоретически точное решение\n",
    "a = np.linalg.inv((X_train.T) @ X_train) @ X_train.T @ y_train\n",
    "mean_absolute_error(X_train @ a, y_train), mean_absolute_error(X_test @ a, y_test)"
   ],
   "outputs": [
    {
     "data": {
      "text/plain": [
       "(3.1301374617989763, 3.5358130915606134)"
      ]
     },
     "execution_count": 13,
     "metadata": {},
     "output_type": "execute_result"
    }
   ],
   "execution_count": 13
  },
  {
   "metadata": {},
   "cell_type": "markdown",
   "source": [
    "\n",
    "Задание выполняется по вариантам на основе файла housing.csv\n",
    "Рекомендуется выполнить расчеты с использованием ноутбука .ipynb либо в\n",
    "Google Colab\n",
    "(всё нужное прикреплено в архиве)\n",
    "Цель работы:\n",
    "Предложить среднеквадратическую аппроксимацию табличной функции\n",
    "многих переменных, проанализировать чувствительность точного решения к\n",
    "ошибкам округления, проверить сходимость расчетных и исходных данных\n",
    "Исходные данные:\n",
    "После загрузки csv файла в среду для проведения расчетов нужно поменять\n",
    "параметры test_size и random_state (см. таблицу с вариантами):\n",
    "И всё, исходные данные для лабораторной работы готовы!\n",
    "Содержание работы:\n",
    "1. Составьте в матричном виде систему линейных алгебраических\n",
    "уравнений для поиска коэффициентов среднеквадратического\n",
    "приближения g, вычислите число обусловленности матрицы. Система\n",
    "составляется на основе выборки train\n",
    "2. Найдите решение системы при помощи обратной матрицы, проверьте\n",
    "полученное приближение с использованием данных из обучающей и из\n",
    "тестовой выборки отдельно (рассчитайте метрику mean_absolute_error,\n",
    "сравните расчетные и исходные значения y (‘MEDV’) на графиках)\n",
    "Повторите расчеты для матриц X-train, X_test, дополненных с помощью\n",
    "конструктора PolynomialFeatures; выполните аналогичные расчеты при\n",
    "активированном скейлере:"
   ],
   "id": "2b886939e10c92df"
  },
  {
   "metadata": {},
   "cell_type": "markdown",
   "source": [
    "Пусть у нас дана следующая модель:\n",
    "$$ X \\cdot g + \\varepsilon = y $$\n",
    "где:\n",
    "- $X$ - матрица коэффициентов\n",
    "- $g$ - вектор коэффициентов\n",
    "- $\\varepsilon$ - вектор ошибок\n",
    "- $y$ - вектор значений целевой переменной\n",
    "\n",
    "Функция потерь - квадратичная:\n",
    "$$ L = \\left\\| X \\cdot g - y \\right\\|^2 $$\n",
    "$$ L = \\left( X \\cdot g - y \\right)^T \\cdot \\left( X \\cdot g - y \\right) $$\n",
    "$$ L = g^T \\cdot X^T \\cdot X \\cdot g - 2 \\cdot g^T \\cdot X^T \\cdot y + y^T \\cdot y $$\n",
    "\n",
    "Возьмем производную функции потерь по вектору коэффициентов $g$:\n",
    "$$ \\frac{\\partial L}{\\partial g} = 2 \\cdot X^T \\cdot X \\cdot g - 2 \\cdot X^T \\cdot y $$\n",
    "\n",
    "Мы минимизируем функцию потерь, поэтому приравниваем производную к нулю:\n",
    "$$ X^T \\cdot X \\cdot g = X^T \\cdot y $$\n",
    "\n"
   ],
   "id": "239c86070a8a7e4f"
  },
  {
   "metadata": {
    "ExecuteTime": {
     "end_time": "2025-03-14T17:19:55.230439Z",
     "start_time": "2025-03-14T17:19:55.198582Z"
    }
   },
   "cell_type": "code",
   "source": [
    "# Вывод СЛАУ в матричном виде для поиска коэффициентов среднеквадратического приближения g\n",
    "from sympy import Matrix, latex\n",
    "from IPython.display import display, Math\n",
    "\n",
    "X_XT = X_train.T @ X_train\n",
    "\n",
    "A = Matrix(X_XT)\n",
    "\n",
    "# Вектор переменных\n",
    "x = Matrix([f'g{i}' for i in range(1, A.shape[1] + 1)])\n",
    "\n",
    "XT_y = X_train.T @ y_train\n",
    "\n",
    "b = Matrix(XT_y)\n",
    "\n",
    "latex_str = (\n",
    "    f'{latex(A)} \\\\cdot {latex(x)} = {latex(b)}'\n",
    ")\n",
    "\n",
    "display(Math(latex_str))"
   ],
   "id": "d97a59de89aaaf56",
   "outputs": [
    {
     "data": {
      "text/plain": [
       "<IPython.core.display.Math object>"
      ],
      "text/latex": "$\\displaystyle \\left[\\begin{array}{ccccccccccccc}30702.2699983938 & 333.609455 & 23597.7305276 & 50.29002 & 894.854673084 & 7826.85916889 & 122518.195346 & 2551.943352591 & 29996.04167 & 854170.01087 & 26533.130306 & 336288.9213609 & 27758.6083157\\\\333.609455 & 253967.5 & 14719.98 & 170.0 & 1775.41775 & 28045.61 & 142191.15 & 28580.52315 & 15847.5 & 1259860.0 & 69056.8 & 1621651.605 & 27680.12\\\\23597.7305276 & 14719.98 & 63283.3299 & 317.11 & 2470.680602 & 25067.37796 & 322820.864 & 11886.828226 & 52348.52 & 1988978.43 & 77804.942 & 1348775.6041 & 62756.5231\\\\50.29002 & 170.0 & 317.11 & 25.0 & 14.661 & 166.099 & 2020.4 & 74.7142 & 261.0 & 10090.0 & 444.2 & 9512.64 & 269.03\\\\894.854673084 & 1775.41775 & 2470.680602 & 14.661 & 115.18574486 & 1252.4581645 & 14483.61938 & 703.14107928 & 2165.921 & 87389.6008 & 3737.20863 & 68891.832902 & 2735.971587\\\\7826.85916889 & 28045.61 & 25067.37796 & 166.099 & 1252.4581645 & 14549.220367 & 153765.5494 & 8918.7164548 & 21521.399 & 929083.301 & 42151.1372 & 809047.37017 & 28101.1241\\\\122518.195346 & 142191.15 & 322820.864 & 2020.4 & 14483.61938 & 153765.5494 & 1966181.06 & 78563.44771 & 278410.2 & 11046238.4 & 464168.38 & 8395183.699 & 359152.401\\\\2551.943352591 & 28580.52315 & 11886.828226 & 74.7142 & 703.14107928 & 8918.7164548 & 78563.44771 & 7073.07446305 & 10025.6665 & 505726.7583 & 25530.74789 & 517759.981749 & 15064.330721\\\\29996.04167 & 15847.5 & 52348.52 & 261.0 & 2165.921 & 21521.399 & 278410.2 & 10025.6665 & 61676.0 & 1930874.0 & 67847.2 & 1081508.34 & 56082.43\\\\854170.01087 & 1259860.0 & 1988978.43 & 10090.0 & 87389.6008 & 929083.301 & 11046238.4 & 505726.7583 & 1930874.0 & 72102733.0 & 2833100.2 & 49892299.82 & 2153618.65\\\\26533.130306 & 69056.8 & 77804.942 & 444.2 & 3737.20863 & 42151.1372 & 464168.38 & 25530.74789 & 67847.2 & 2833100.2 & 126514.71 & 2359666.276 & 88308.281\\\\336288.9213609 & 1621651.605 & 1348775.6041 & 9512.64 & 68891.832902 & 809047.37017 & 8395183.699 & 517759.981749 & 1081508.34 & 49892299.82 & 2359666.276 & 48716182.739 & 1533192.6774\\\\27758.6083157 & 27680.12 & 62756.5231 & 269.03 & 2735.971587 & 28101.1241 & 359152.401 & 15064.330721 & 56082.43 & 2153618.65 & 88308.281 & 1533192.6774 & 77972.7184\\end{array}\\right] \\cdot \\left[\\begin{matrix}g_{1}\\\\g_{2}\\\\g_{3}\\\\g_{4}\\\\g_{5}\\\\g_{6}\\\\g_{7}\\\\g_{8}\\\\g_{9}\\\\g_{10}\\\\g_{11}\\\\g_{12}\\\\g_{13}\\end{matrix}\\right] = \\left[\\begin{matrix}17641.33605\\\\122232.85\\\\79381.57\\\\723.8\\\\4268.93999\\\\52211.1069\\\\509709.15\\\\33065.83083\\\\65136.8\\\\3036004.2\\\\145374.62\\\\2955924.797\\\\85280.7150000001\\end{matrix}\\right]$"
     },
     "metadata": {},
     "output_type": "display_data"
    }
   ],
   "execution_count": 14
  },
  {
   "metadata": {
    "ExecuteTime": {
     "end_time": "2025-03-14T17:19:55.346175Z",
     "start_time": "2025-03-14T17:19:55.335854Z"
    }
   },
   "cell_type": "code",
   "source": [
    "# Вычисление числа обусловленности матрицы\n",
    "cond = np.linalg.cond(X_XT)\n",
    "print(f'Число обусловленности матрицы: {cond:.2f}')"
   ],
   "id": "62970a5aa8fbb2af",
   "outputs": [
    {
     "name": "stdout",
     "output_type": "stream",
     "text": [
      "Число обусловленности матрицы: 83301199.66\n"
     ]
    }
   ],
   "execution_count": 15
  },
  {
   "metadata": {},
   "cell_type": "markdown",
   "source": "Большое число обусловленности означает, что решение может быть неустойчивым.",
   "id": "416c5fc5a144d1cc"
  },
  {
   "metadata": {},
   "cell_type": "markdown",
   "source": [
    "Найдём решение системы при помощи обратной матрицы\n",
    "$$ g = (X^T \\cdot X)^{-1} \\cdot X^T \\cdot y $$"
   ],
   "id": "decfdf406d26f62f"
  },
  {
   "metadata": {
    "ExecuteTime": {
     "end_time": "2025-03-14T17:19:55.405929Z",
     "start_time": "2025-03-14T17:19:55.393575Z"
    }
   },
   "cell_type": "code",
   "source": [
    "# Решение системы при помощи обратной матрицы\n",
    "g = np.linalg.inv(X_XT) @ XT_y\n",
    "\n",
    "g = Matrix(g)\n",
    "display(Math(f'g = {latex(g)}'))"
   ],
   "id": "2254dd3b42ecd28b",
   "outputs": [
    {
     "data": {
      "text/plain": [
       "<IPython.core.display.Math object>"
      ],
      "text/latex": "$\\displaystyle g = \\left[\\begin{matrix}-0.0635570783785258\\\\0.0502150254506279\\\\-0.013809521967045\\\\3.17406221116409\\\\-0.971965356925965\\\\5.82683912999892\\\\-0.0221229713536033\\\\-0.928637581841706\\\\0.0841247767066469\\\\-0.0086220780309333\\\\-0.336510525332207\\\\0.0124804785343545\\\\-0.372520952787717\\end{matrix}\\right]$"
     },
     "metadata": {},
     "output_type": "display_data"
    }
   ],
   "execution_count": 16
  },
  {
   "metadata": {
    "ExecuteTime": {
     "end_time": "2025-03-14T17:19:55.755923Z",
     "start_time": "2025-03-14T17:19:55.490705Z"
    }
   },
   "cell_type": "code",
   "source": [
    "# Проверка полученного приближения\n",
    "X_train_mae = mean_absolute_error(X_train @ g, y_train)\n",
    "X_test_mae = mean_absolute_error(X_test @ g, y_test)\n",
    "print(f'MAE для обучающей выборки: {X_train_mae:.2f}')\n",
    "print(f'MAE для тестовой выборки: {X_test_mae:.2f}')"
   ],
   "id": "e9f5693347aab135",
   "outputs": [
    {
     "name": "stdout",
     "output_type": "stream",
     "text": [
      "MAE для обучающей выборки: 3.13\n",
      "MAE для тестовой выборки: 3.54\n"
     ]
    }
   ],
   "execution_count": 17
  },
  {
   "metadata": {
    "ExecuteTime": {
     "end_time": "2025-03-14T17:19:56.462048Z",
     "start_time": "2025-03-14T17:19:55.834582Z"
    }
   },
   "cell_type": "code",
   "source": [
    "# Сравнение расчетных и исходных значений на графиках\n",
    "plt.figure(figsize=(8, 8))\n",
    "plt.scatter(y_train, y_train, label='Исходные значения')\n",
    "plt.scatter(y_train, X_train @ g, label='Расчетные значения')\n",
    "plt.legend()\n",
    "plt.title('Результат на обучающей выборке')\n",
    "plt.show()\n",
    "\n",
    "plt.figure(figsize=(8, 8))\n",
    "plt.scatter(y_test, y_test, label='Исходные значения')\n",
    "plt.scatter(y_test, X_test @ g, label='Расчетные значения')\n",
    "plt.legend()\n",
    "plt.title('Результат на тестовой выборке')\n",
    "plt.show()"
   ],
   "id": "5878b2b5a0fbb6ae",
   "outputs": [
    {
     "data": {
      "text/plain": [
       "<Figure size 800x800 with 1 Axes>"
      ],
